#PATH-POINTS-START Path
-118.11,41.91,120,90
-116.111,41.844,120
-114.112,41.806,120
-112.112,41.798,120
-110.112,41.823,120
-108.113,41.882,120
-106.115,41.975,120
-104.119,42.106,120
-102.126,42.274,120
-100.137,42.482,120
-98.153,42.732,120
-96.174,43.024,120
-94.203,43.361,120
-92.24,43.744,120
-90.287,44.173,120
-88.345,44.65,120
-86.415,45.176,120
-84.5,45.751,120
-82.6,46.377,120
-80.718,47.053,120
-78.854,47.778,120
-77.011,48.554,120
-75.189,49.379,120
-73.389,50.251,120
-71.613,51.171,120
-69.862,52.136,120
-68.134,53.144,120
-66.432,54.194,120
-64.754,55.282,120
-63.102,56.409,120
-61.473,57.57,120
-59.868,58.763,120
-58.286,59.987,120
-56.725,61.237,120
-55.186,62.514,120
-53.665,63.813,120
-52.162,65.132,120
-50.676,66.471,120
-49.205,67.826,120
-47.747,69.195,120
-46.302,70.577,120
-44.867,71.97,120
-43.441,73.373,120
-42.023,74.783,120
-40.611,76.199,120
-39.203,77.62,120
-38.403,78.437,120,45
-39.817,77.023,120
-41.231,75.609,120
-42.645,74.195,120
-44.06,72.78,120
-45.474,71.366,120
-46.888,69.952,120
-48.302,68.538,120
-49.716,67.124,120
-51.131,65.709,120
-52.545,64.295,120
-53.959,62.881,120
-55.373,61.467,120
-56.787,60.053,120
-58.202,58.638,120
-57.224,57.224,120,0
-55.81,55.81,120
-54.396,54.396,120
-52.981,52.981,120
-51.567,51.567,120
-50.153,50.153,120
-48.739,48.739,120
-47.325,47.325,120
-45.91,45.91,120
-44.496,44.496,120
-43.082,43.082,120
-41.668,41.668,120
-40.254,40.254,120
-38.839,38.839,120
-37.425,37.425,120
-36.011,36.011,120
-34.597,34.597,120
-33.182,33.182,120,0
-34.272,34.272,120
-35.686,35.686,120
-37.1,37.1,120
-38.514,38.514,120
-39.929,39.929,120
-41.343,41.343,120
-42.757,42.757,120
-44.171,44.171,120
-45.585,45.585,120
-47,47,120
-48.414,48.414,120
-49.828,49.828,120
-51.242,51.242,120
-52.656,52.656,120
-54.071,54.071,120
-55.485,55.485,120
-56.899,56.899,120
-58.313,58.313,120
-59.728,59.728,120
-61.142,61.142,120
-62.556,62.556,120
-63.97,63.97,120
-65.384,65.384,120
-66.799,66.799,120
-68.213,68.213,120
-69.627,69.627,120
-71.041,71.041,120
-72.455,72.455,120
-73.87,73.87,120
-75.284,75.284,120
-76.698,76.698,120
-78.112,78.112,120
-79.527,79.527,120
-80.941,80.941,120
-82.355,82.355,120
-83.769,83.769,120
-85.183,85.183,120
-86.598,86.598,120
-88.012,88.012,120
-89.426,89.426,120
-90.84,90.84,120
-92.254,92.254,120
-93.669,93.669,120
-95.083,95.083,120
-96.497,96.497,120
-97.911,97.911,120
-99.326,99.326,120
-100.74,100.74,120
-102.154,102.154,120
-103.568,103.568,120
-104.982,104.982,120
-106.397,106.397,120
-107.811,107.811,120
-109.225,109.225,120
-110.639,110.639,120
-112.053,112.053,120
-113.468,113.468,120
-114.882,114.882,120
-116.296,116.296,120
-117.71,117.71,120
-119.125,119.125,120,0
-121.019,119.38,120
-123.019,119.38,120
-125.019,119.38,120
-127.019,119.38,120
-129.019,119.38,120
-131.019,119.38,120
-133.019,119.38,120
-135.019,119.38,120
-137.019,119.38,120
-139.019,119.38,120
-141.019,119.38,120
-143.019,119.38,120
-145.019,119.38,120
-147.019,119.38,120
-149.019,119.38,120
-151.019,119.38,120
-153.019,119.38,120
-155.019,119.38,120
-157.019,119.38,120
-159.019,119.38,120
-161.019,119.38,120
-163.019,119.38,120
-165.019,119.38,120
-167.019,119.38,120
-169.019,119.38,120
-171.019,119.38,120
-172.421,119.378,120,0
-170.421,119.379,120
-168.422,119.423,120
-166.424,119.514,120
-164.428,119.644,120
-162.436,119.823,120
-160.448,120.039,120
-158.465,120.3,120
-156.488,120.598,120
-154.517,120.939,120
-152.552,121.314,120
-150.596,121.73,120
-148.647,122.177,120
-146.707,122.663,120
-144.774,123.178,120
-142.851,123.728,120
-140.937,124.305,120
-139.031,124.913,120
-137.134,125.547,120
-135.247,126.207,120
-133.367,126.891,120
-131.496,127.598,120
-129.634,128.327,120
-127.779,129.075,120
-125.932,129.843,120
-124.092,130.627,120
-122.259,131.427,120
-120.432,132.24,120
-118.611,133.067,120
-116.795,133.905,120
-114.984,134.752,120
-113.176,135.609,120
-111.372,136.472,120
-109.57,137.34,120
-107.77,138.212,120
-105.971,139.086,120
-104.173,139.961,120
-102.374,140.835,120
-100.574,141.706,120
-98.771,142.573,120
-96.965,143.433,120
-95.156,144.284,120
-93.341,145.125,120
-91.521,145.953,120
-89.693,146.766,120
-87.858,147.562,120
-86.014,148.336,120
-84.161,149.087,120
-82.297,149.812,120
-80.422,150.507,120
-78.534,151.169,120
-76.634,151.792,120
-74.72,152.374,120
-72.793,152.909,120
-70.853,153.393,120
-68.9,153.822,120
-66.934,154.189,120
-64.956,154.489,120
-62.97,154.717,120
-60.976,154.867,120
-58.977,154.934,120,90
-56.977,154.94,120
-54.977,154.94,120
-52.977,154.94,120
-50.977,154.94,120
-48.977,154.94,120
-46.977,154.94,120
-44.977,154.94,120
-42.977,154.94,120
-40.977,154.94,120
-38.977,154.94,120
-36.977,154.94,120
-34.977,154.94,120
-32.977,154.94,120
-30.977,154.94,120
-28.977,154.94,120
-26.977,154.94,120
-24.977,154.94,120
-22.977,154.94,120
-20.977,154.94,120
-18.977,154.94,120
-16.977,154.94,120
-14.977,154.94,120
-12.977,154.94,120
-10.977,154.94,120
-8.977,154.94,120
-6.977,154.94,120
-4.977,154.94,120
-2.977,154.94,120
-0.977,154.94,120
1.023,154.94,120
3.023,154.94,120
5.023,154.94,120
7.023,154.94,120
9.023,154.94,120
11.023,154.94,120
13.023,154.94,120
15.023,154.94,120
17.023,154.94,120
19.023,154.94,120
21.023,154.94,120
23.023,154.94,120
25.023,154.94,120
27.023,154.94,120
29.023,154.94,120
31.023,154.94,120
33.023,154.94,120
35.023,154.94,120
37.023,154.94,120
39.023,154.94,120
41.023,154.94,120
43.023,154.94,120
45.023,154.94,120
47.023,154.94,120
49.023,154.94,120
51.023,154.94,120
53.023,154.94,120
55.023,154.94,120
57.023,154.94,120
59.023,154.934,120,0
61.022,154.877,120
63.018,154.746,120
65.006,154.537,120
66.985,154.248,120
68.95,153.875,120
70.897,153.418,120
72.822,152.877,120
74.721,152.251,120
76.591,151.541,120
78.427,150.748,120
80.228,149.88,120
81.992,148.938,120
83.718,147.926,120
85.405,146.854,120
87.055,145.723,120
88.669,144.543,120
90.251,143.318,120
91.802,142.056,120
93.327,140.762,120
94.83,139.443,120
96.316,138.104,120
97.791,136.753,120
99.259,135.395,120
100.727,134.037,120
102.201,132.685,120
103.686,131.346,120
105.191,130.028,120
106.72,128.739,120
108.28,127.488,120
109.879,126.286,120
111.521,125.144,120
113.209,124.073,120
114.948,123.085,120
116.739,122.195,120
118.58,121.414,120
120.466,120.751,120
122.392,120.216,120
124.351,119.814,120
126.332,119.542,120
128.327,119.405,120
128.753,119.38,120,0
126.753,119.38,120
124.753,119.38,120
122.753,119.38,120
120.753,119.38,120
118.753,119.38,120
116.753,119.38,120
114.753,119.38,120
112.753,119.38,120
110.753,119.38,120
108.753,119.38,120
106.753,119.38,120
104.753,119.38,120
102.753,119.38,120
100.753,119.38,120
98.753,119.38,120
96.753,119.38,120
94.753,119.38,120
92.753,119.38,120
90.753,119.38,120
88.753,119.38,120
86.753,119.38,120
84.753,119.38,120
82.753,119.38,120
80.753,119.38,120
78.753,119.38,120
76.753,119.38,120
74.753,119.38,120
72.753,119.38,120
70.753,119.38,120
68.753,119.38,120,0
70.407,119.38,120
72.407,119.38,120
74.407,119.38,120
76.407,119.38,120
78.407,119.38,120
80.407,119.38,120
82.407,119.38,120
84.407,119.38,120
86.407,119.38,120
88.407,119.38,120
90.407,119.38,120
92.407,119.38,120
94.407,119.38,120
96.407,119.38,120
98.407,119.38,120
100.407,119.38,120
102.407,119.38,120
104.407,119.38,120
106.407,119.38,120
108.407,119.38,120
110.407,119.38,120
112.407,119.38,120
114.407,119.38,120
116.407,119.38,120
118.407,119.38,120
120.407,119.38,120
122.407,119.38,120
124.407,119.38,120
126.407,119.38,120
128.407,119.38,120
130.407,119.38,120
132.407,119.38,120
134.407,119.38,120
136.407,119.38,120
138.407,119.38,120
140.407,119.38,120
142.407,119.38,120
144.407,119.38,120
146.407,119.38,120
148.407,119.38,120
150.407,119.38,120
152.407,119.38,120
154.407,119.38,120
156.407,119.38,120
158.407,119.38,120
160.407,119.38,120
162.407,119.38,120
164.407,119.38,120
166.407,119.38,120
168.407,119.38,120
170.407,119.38,120
172.407,119.38,120,0
171.033,119.38,120
169.033,119.38,120
167.033,119.38,120
165.033,119.38,120
163.033,119.38,120
161.033,119.38,120
159.033,119.38,120
157.033,119.38,120
155.033,119.38,120
153.033,119.38,120
151.033,119.38,120
149.033,119.38,120
147.033,119.38,120
145.033,119.38,120
143.033,119.38,120
141.033,119.38,120
139.033,119.38,120
137.033,119.38,120
135.033,119.38,120
133.033,119.38,120
131.033,119.38,120
129.033,119.38,120
127.033,119.38,120
125.033,119.38,120
123.033,119.38,120
121.033,119.38,120
119.033,119.38,120
117.033,119.38,120
115.033,119.38,120
113.033,119.38,120
111.033,119.38,120
109.033,119.38,120
107.033,119.38,120
105.033,119.38,120
103.033,119.38,120
101.033,119.38,120
99.033,119.38,120
97.033,119.38,120
95.033,119.38,120
93.033,119.38,120
91.033,119.38,120
89.033,119.38,120
87.033,119.38,120
85.033,119.38,120
83.033,119.38,120
81.033,119.38,120
79.033,119.38,120
77.033,119.38,120
75.033,119.38,120
73.033,119.38,120
71.033,119.38,120
69.033,119.38,120,0
70.127,119.373,120
72.127,119.342,120
74.126,119.29,120
76.124,119.211,120
78.122,119.108,120
80.117,118.979,120
82.111,118.821,120
84.103,118.638,120
86.091,118.425,120
88.077,118.182,120
90.058,117.91,120
92.035,117.607,120
94.006,117.271,120
95.972,116.903,120
97.931,116.5,120
99.883,116.064,120
101.826,115.592,120
103.761,115.084,120
105.685,114.539,120
107.598,113.957,120
109.5,113.336,120
111.388,112.676,120
113.261,111.977,120
115.119,111.237,120
116.961,110.457,120
118.785,109.638,120
120.59,108.776,120
122.375,107.874,120
124.138,106.931,120
125.88,105.947,120
127.598,104.924,120
129.292,103.861,120
130.962,102.759,120
132.605,101.62,120
134.223,100.444,120
135.815,99.233,120
137.38,97.989,120
138.92,96.713,120
140.435,95.407,120
141.926,94.074,120
143.395,92.716,120
144.843,91.337,120
146.274,89.94,120
147.689,88.527,120,135
149.061,87.071,120
150.371,85.56,120
151.611,83.991,120
152.773,82.364,120
153.849,80.678,120
154.833,78.937,120
155.719,77.144,120
156.505,75.306,120
157.191,73.427,120
157.781,71.517,120
158.278,69.58,120
158.692,67.623,120
159.028,65.652,120
159.298,63.67,120
159.51,61.681,120
159.672,59.688,120
159.793,57.692,120
159.88,55.693,120
159.94,53.694,120
159.979,51.695,120
160.002,49.695,120
160.014,47.695,120
160.019,45.695,120
160.02,43.695,120,180
160.02,41.695,120
160.02,39.695,120
160.02,37.695,120
160.02,35.695,120
160.02,33.695,120
160.02,31.695,120
160.02,29.695,120
160.02,27.695,120
160.02,25.695,120
160.02,23.695,120
160.02,21.695,120
160.02,19.695,120
160.02,17.695,120
160.02,15.695,120
160.02,13.695,120
160.02,11.695,120
160.02,9.695,120
160.02,7.695,120
160.02,5.695,120
160.02,3.695,120
160.02,1.695,120
160.02,-0.305,120
160.02,-2.305,120
160.02,-4.305,120
160.02,-6.305,120
160.02,-8.305,120
160.02,-10.305,120
160.02,-12.305,120
160.02,-14.305,120
160.02,-16.305,120
160.02,-18.305,120
160.02,-20.305,120
160.02,-22.305,120
160.02,-24.305,120
160.02,-26.305,120
160.02,-28.305,120
160.02,-30.305,120
160.02,-32.305,120
160.02,-34.305,120
160.02,-36.305,120
160.02,-38.305,120
160.02,-40.305,120
160.02,-42.305,120
160.02,-44.305,120
160.02,-46.305,120
160.02,-48.305,120
160.02,-50.305,120
160.02,-52.305,120
160.02,-54.305,120
160.02,-56.305,120
160.02,-58.305,120
160.02,-60.305,120
160.02,-62.305,120
160.02,-64.305,120
160.02,-66.305,120
160.02,-68.305,120
160.02,-70.305,120
160.02,-72.305,120
160.02,-74.305,120
160.02,-76.095,120,0
160.02,-74.095,120
160.02,-72.095,120
160.02,-70.095,120
160.02,-68.095,120
160.02,-66.095,120
160.02,-64.095,120
160.02,-62.095,120
160.02,-60.095,120
160.02,-58.095,120
160.02,-56.095,120
160.02,-54.095,120
160.02,-52.095,120
160.02,-50.095,120
160.02,-48.095,120
160.02,-46.095,120
160.02,-44.095,120
160.002,-44.265,120,0
159.895,-46.262,120
159.684,-48.25,120
159.353,-50.222,120
158.908,-52.172,120
158.334,-54.087,120
157.631,-55.959,120
156.804,-57.779,120
155.852,-59.537,120
154.774,-61.221,120
153.579,-62.824,120
152.277,-64.342,120
150.877,-65.769,120
149.388,-67.104,120
147.819,-68.344,120
146.179,-69.488,120
144.479,-70.542,120
142.729,-71.509,120
140.933,-72.388,120
139.099,-73.184,120
137.233,-73.905,120
135.34,-74.55,120
133.424,-75.122,120
131.49,-75.63,120
129.539,-76.07,120
127.575,-76.451,120
125.602,-76.772,120
123.619,-77.038,120
121.631,-77.251,120
119.637,-77.412,120
117.641,-77.524,120
115.642,-77.587,120
113.642,-77.606,120
111.642,-77.578,120
109.643,-77.507,120
107.647,-77.394,120
105.653,-77.239,120
103.662,-77.044,120
101.677,-76.806,120
99.695,-76.532,120
97.721,-76.214,120
95.753,-75.861,120
93.792,-75.465,120
91.839,-75.033,120
89.896,-74.56,120
87.963,-74.048,120
86.041,-73.496,120
84.131,-72.903,120
82.234,-72.27,120
80.351,-71.593,120
78.485,-70.875,120
76.637,-70.111,120
74.808,-69.302,120
73,-68.447,120
71.217,-67.541,120
69.459,-66.588,120
67.733,-65.577,120
66.04,-64.513,120
64.384,-63.392,120
62.772,-62.207,120
61.211,-60.959,120
59.704,-59.643,120
58.26,-58.26,120,0
56.846,-56.846,120
55.432,-55.432,120
54.017,-54.017,120
52.603,-52.603,120
51.189,-51.189,120
49.775,-49.775,120
48.361,-48.361,120
46.946,-46.946,120
45.532,-45.532,120
44.118,-44.118,120
42.704,-42.704,120
41.289,-41.289,120
39.875,-39.875,120
38.461,-38.461,120
37.047,-37.047,120
35.633,-35.633,120
34.218,-34.218,120
33.236,-33.236,120,0
34.65,-34.65,120
36.064,-36.064,120
37.478,-37.478,120
38.893,-38.893,120
40.307,-40.307,120
41.721,-41.721,120
43.135,-43.135,120
44.55,-44.55,120
45.964,-45.964,120
47.378,-47.378,120
48.792,-48.792,120
50.206,-50.206,120
51.621,-51.621,120
53.035,-53.035,120
54.449,-54.449,120
55.863,-55.863,120
57.277,-57.277,120
58.692,-58.692,120
60.106,-60.106,120
61.52,-61.52,120
62.934,-62.934,120
64.349,-64.349,120
65.763,-65.763,120
67.177,-67.177,120
68.591,-68.591,120
70.005,-70.005,120
71.42,-71.42,120
72.834,-72.834,120
74.248,-74.248,120
75.662,-75.662,120
77.076,-77.076,120
78.491,-78.491,120
79.905,-79.905,120
81.319,-81.319,120
82.733,-82.733,120
84.147,-84.147,120
85.562,-85.562,120
86.976,-86.976,120
88.39,-88.39,120
89.804,-89.804,120
91.219,-91.219,120
92.633,-92.633,120
94.047,-94.047,120
95.461,-95.461,120
96.875,-96.875,120
98.29,-98.29,120
99.704,-99.704,120
101.118,-101.118,120
102.532,-102.532,120
103.946,-103.946,120
105.361,-105.361,120
106.775,-106.775,120
108.189,-108.189,120
109.603,-109.603,120
111.018,-111.018,120
112.432,-112.432,120
113.846,-113.846,120
115.26,-115.26,120
116.674,-116.674,120
118.089,-118.089,120
119.554,-119.38,120,0
121.554,-119.38,120
123.554,-119.38,120
125.554,-119.38,120
127.554,-119.38,120
129.554,-119.38,120
131.554,-119.38,120
133.554,-119.38,120
135.554,-119.38,120
137.554,-119.38,120
139.554,-119.38,120
141.554,-119.38,120
143.554,-119.38,120
145.554,-119.38,120
147.554,-119.38,120
149.554,-119.38,120
151.554,-119.38,120
153.554,-119.38,120
155.554,-119.38,120
157.554,-119.38,120
159.554,-119.38,120
161.554,-119.38,120
163.554,-119.38,120
165.554,-119.38,120
167.554,-119.38,120
169.554,-119.38,120
171.554,-119.38,120
171.886,-119.386,120,0
169.887,-119.421,120
167.888,-119.503,120
165.892,-119.624,120
163.899,-119.79,120
161.91,-119.997,120
159.926,-120.249,120
157.948,-120.543,120
155.977,-120.883,120
154.013,-121.263,120
152.059,-121.688,120
150.114,-122.153,120
148.179,-122.66,120
146.256,-123.207,120
144.343,-123.791,120
142.442,-124.414,120
140.554,-125.072,120
138.677,-125.762,120
136.812,-126.487,120
134.96,-127.24,120
133.118,-128.02,120
131.288,-128.827,120
129.469,-129.658,120
127.659,-130.509,120
125.858,-131.379,120
124.066,-132.266,120
122.28,-133.167,120
120.5,-134.079,120
118.725,-135,120
116.954,-135.928,120
115.184,-136.861,120
113.416,-137.795,120
111.647,-138.729,120
109.876,-139.659,120
108.103,-140.583,120
106.325,-141.499,120
104.542,-142.405,120
102.751,-143.296,120
100.953,-144.172,120
99.146,-145.029,120
97.33,-145.865,120
95.502,-146.677,120
93.663,-147.463,120
91.812,-148.221,120
89.949,-148.947,120
88.072,-149.639,120
86.183,-150.297,120
84.282,-150.917,120
82.368,-151.496,120
80.442,-152.034,120
78.504,-152.531,120
76.556,-152.982,120
74.597,-153.387,120
72.63,-153.748,120
70.655,-154.059,120
68.672,-154.324,120
66.684,-154.541,120
64.691,-154.71,120
62.695,-154.833,120
60.697,-154.908,120
58.697,-154.938,120,270
56.697,-154.94,120
54.697,-154.94,120
52.697,-154.94,120
50.697,-154.94,120
48.697,-154.94,120
46.697,-154.94,120
44.697,-154.94,120
42.697,-154.94,120
40.697,-154.94,120
38.697,-154.94,120
36.697,-154.94,120
34.697,-154.94,120
32.697,-154.94,120
30.697,-154.94,120
28.697,-154.94,120
26.697,-154.94,120
24.697,-154.94,120
22.697,-154.94,120
20.697,-154.94,120
18.697,-154.94,120
16.697,-154.94,120
14.697,-154.94,120
12.697,-154.94,120
10.697,-154.94,120
8.697,-154.94,120
6.697,-154.94,120
4.697,-154.94,120
2.697,-154.94,120
0.697,-154.94,120
-1.303,-154.94,120
-3.303,-154.94,120
-5.303,-154.94,120
-7.303,-154.94,120
-9.303,-154.94,120
-11.303,-154.94,120
-13.303,-154.94,120
-15.303,-154.94,120
-17.303,-154.94,120
-19.303,-154.94,120
-21.303,-154.94,120
-23.303,-154.94,120
-25.303,-154.94,120
-27.303,-154.94,120
-29.303,-154.94,120
-31.303,-154.94,120
-33.303,-154.94,120
-35.303,-154.94,120
-37.303,-154.94,120
-39.303,-154.94,120
-41.303,-154.94,120
-43.303,-154.94,120
-45.303,-154.94,120
-47.303,-154.94,120
-49.303,-154.94,120
-51.303,-154.94,120
-53.303,-154.94,120
-55.303,-154.94,120
-57.303,-154.94,120,270
-59.303,-154.93,120
-61.3,-154.831,120
-63.289,-154.627,120
-65.265,-154.319,120
-67.222,-153.905,120
-69.154,-153.388,120
-71.057,-152.776,120
-72.927,-152.067,120
-74.764,-151.276,120
-76.563,-150.402,120
-78.326,-149.459,120
-80.053,-148.451,120
-81.746,-147.386,120
-83.407,-146.272,120
-85.038,-145.115,120
-86.644,-143.922,120
-88.225,-142.698,120
-89.788,-141.45,120
-91.335,-140.183,120
-92.871,-138.902,120
-94.4,-137.612,120
-95.925,-136.318,120
-97.45,-135.025,120
-98.981,-133.738,120
-100.522,-132.462,120
-102.076,-131.203,120
-103.648,-129.967,120
-105.242,-128.759,120
-106.862,-127.587,120
-108.513,-126.458,120
-110.197,-125.379,120
-111.919,-124.362,120
-113.678,-123.411,120
-115.479,-122.542,120
-117.319,-121.759,120
-119.199,-121.076,120
-121.114,-120.5,120
-123.059,-120.037,120
-125.03,-119.698,120
-127.017,-119.478,120
-129.015,-119.387,120,270
-128.065,-119.38,120
-126.065,-119.38,120
-124.065,-119.38,120
-122.065,-119.38,120
-120.065,-119.38,120
-118.065,-119.38,120
-116.065,-119.38,120
-114.065,-119.38,120
-112.065,-119.38,120
-110.065,-119.38,120
-108.065,-119.38,120
-106.065,-119.38,120
-104.065,-119.38,120
-102.065,-119.38,120
-100.065,-119.38,120
-98.065,-119.38,120
-96.065,-119.38,120
-94.065,-119.38,120
-92.065,-119.38,120
-90.065,-119.38,120
-88.065,-119.38,120
-86.065,-119.38,120
-84.065,-119.38,120
-82.065,-119.38,120
-80.065,-119.38,120
-78.065,-119.38,120
-76.065,-119.38,120
-74.065,-119.38,120
-72.065,-119.38,120
-70.065,-119.38,120
-69.095,-119.38,120,0
-71.095,-119.38,120
-73.095,-119.38,120
-75.095,-119.38,120
-77.095,-119.38,120
-79.095,-119.38,120
-81.095,-119.38,120
-83.095,-119.38,120
-85.095,-119.38,120
-87.095,-119.38,120
-89.095,-119.38,120
-91.095,-119.38,120
-93.095,-119.38,120
-95.095,-119.38,120
-97.095,-119.38,120
-99.095,-119.38,120
-101.095,-119.38,120
-103.095,-119.38,120
-105.095,-119.38,120
-107.095,-119.38,120
-109.095,-119.38,120
-111.095,-119.38,120
-113.095,-119.38,120
-115.095,-119.38,120
-117.095,-119.38,120
-119.095,-119.38,120
-121.095,-119.38,120
-123.095,-119.38,120
-125.095,-119.38,120
-127.095,-119.38,120
-129.095,-119.38,120
-131.095,-119.38,120
-133.095,-119.38,120
-135.095,-119.38,120
-137.095,-119.38,120
-139.095,-119.38,120
-141.095,-119.38,120
-143.095,-119.38,120
-145.095,-119.38,120
-147.095,-119.38,120
-149.095,-119.38,120
-151.095,-119.38,120
-153.095,-119.38,120
-155.095,-119.38,120
-157.095,-119.38,120
-159.095,-119.38,120
-161.095,-119.38,120
-163.095,-119.38,120
-165.095,-119.38,120
-167.095,-119.38,120
-169.095,-119.38,120
-171.095,-119.38,120
-172.345,-119.38,120,0
-170.345,-119.38,120
-168.345,-119.38,120
-166.345,-119.38,120
-164.345,-119.38,120
-162.345,-119.38,120
-160.345,-119.38,120
-158.345,-119.38,120
-156.345,-119.38,120
-154.345,-119.38,120
-152.345,-119.38,120
-150.345,-119.38,120
-148.345,-119.38,120
-146.345,-119.38,120
-144.345,-119.38,120
-142.345,-119.38,120
-140.345,-119.38,120
-138.345,-119.38,120
-136.345,-119.38,120
-134.345,-119.38,120
-132.345,-119.38,120
-130.345,-119.38,120
-128.345,-119.38,120
-126.345,-119.38,120
-124.345,-119.38,120
-122.345,-119.38,120
-120.345,-119.38,120
-118.345,-119.38,120
-116.345,-119.38,120
-114.345,-119.38,120
-112.345,-119.38,120
-110.345,-119.38,120
-108.345,-119.38,120
-106.345,-119.38,120
-104.345,-119.38,120
-102.345,-119.38,120
-100.345,-119.38,120
-98.345,-119.38,120
-96.345,-119.38,120
-94.345,-119.38,120
-92.345,-119.38,120
-90.345,-119.38,120
-88.345,-119.38,120
-86.345,-119.38,120
-84.345,-119.38,120
-82.345,-119.38,120
-80.345,-119.38,120
-78.345,-119.38,120
-76.345,-119.38,120
-74.345,-119.38,120
-72.345,-119.38,120
-70.345,-119.38,120
-68.815,-119.379,120,0
-70.815,-119.364,120
-72.814,-119.327,120
-74.813,-119.265,120
-76.811,-119.179,120
-78.808,-119.066,120
-80.803,-118.927,120
-82.797,-118.762,120
-84.787,-118.567,120
-86.774,-118.345,120
-88.759,-118.093,120
-90.738,-117.81,120
-92.713,-117.495,120
-94.683,-117.148,120
-96.647,-116.768,120
-98.603,-116.355,120
-100.552,-115.906,120
-102.493,-115.422,120
-104.424,-114.902,120
-106.345,-114.344,120
-108.254,-113.748,120
-110.15,-113.113,120
-112.034,-112.44,120
-113.902,-111.727,120
-115.755,-110.974,120
-117.59,-110.18,120
-119.408,-109.346,120
-121.206,-108.47,120
-122.984,-107.554,120
-124.74,-106.597,120
-126.474,-105.6,120
-128.184,-104.562,120
-129.869,-103.487,120
-131.53,-102.372,120
-133.165,-101.22,120
-134.773,-100.032,120
-136.356,-98.809,120
-137.913,-97.553,120
-139.444,-96.267,120
-140.951,-94.952,120
-142.434,-93.61,120
-143.895,-92.244,120
-145.337,-90.858,120
-146.763,-89.456,120
-148.165,-88.03,120,315
-149.502,-86.542,120
-150.762,-84.99,120
-151.942,-83.376,120
-153.038,-81.702,120
-154.045,-79.975,120
-154.962,-78.198,120
-155.79,-76.377,120
-156.53,-74.519,120
-157.183,-72.629,120
-157.754,-70.713,120
-158.245,-68.774,120
-158.664,-66.819,120
-159.015,-64.85,120
-159.303,-62.871,120
-159.536,-60.884,120
-159.717,-58.893,120
-159.855,-56.897,120
-159.953,-54.9,120
-160.017,-52.901,120
-160.054,-50.901,120
-160.067,-48.901,120
-160.062,-46.901,120
-160.043,-44.901,120
-160.02,-42.901,120,0
-160.02,-40.901,120
-160.02,-38.901,120
-160.02,-36.901,120
-160.02,-34.901,120
-160.02,-32.901,120
-160.02,-30.901,120
-160.02,-28.901,120
-160.02,-26.901,120
-160.02,-24.901,120
-160.02,-22.901,120
-160.02,-20.901,120
-160.02,-18.901,120
-160.02,-16.901,120
-160.02,-14.901,120
-160.02,-12.901,120
-160.02,-10.901,120
-160.02,-8.901,120
-160.02,-6.901,120
-160.02,-4.901,120
-160.02,-2.901,120
-160.02,-0.901,120
-160.02,1.099,120
-160.02,2.54,120,0
-160.02,2.54,0,0
#PATH.JERRYIO-DATA {"appVersion":"0.10.0","format":"path.jerryio v0.1","gc":{"robotWidth":13,"robotHeight":17,"robotIsHolonomic":false,"showRobot":true,"uol":2.54,"pointDensity":0.7874015748031495,"controlMagnetDistance":1.968503937007874,"fieldImage":{"displayName":"V5RC 2026 - Push Back (Skills)","signature":"V5RC-PushBack-Skills-TopDownHighlighted-TileColor66_71","origin":{"__type":"built-in"}},"coordinateSystem":"VEX Gaming Positioning System"},"paths":[{"segments":[{"controls":[{"uid":"8uaIDFgrHb","x":-46.5,"y":16.5,"lock":false,"visible":true,"heading":90,"__type":"end-point"},{"uid":"ys0xsSqIOC","x":-30.624833177632453,"y":15.85104430802082,"lock":false,"visible":true,"__type":"control"},{"uid":"rnJZZoVVLs","x":-23.545726010943547,"y":22.31457693847591,"lock":false,"visible":true,"__type":"control"},{"uid":"0UnPeWKJuM","x":-15,"y":31,"lock":false,"visible":true,"heading":45,"__type":"end-point"}],"speedProfiles":[],"lookaheadKeyframes":[],"uid":"PLPoaXgaqu"},{"controls":[{"uid":"0UnPeWKJuM","x":-15,"y":31,"lock":false,"visible":true,"heading":45,"__type":"end-point"},{"uid":"h2L4zCW5YN","x":-23,"y":23,"lock":false,"visible":true,"heading":0,"__type":"end-point"}],"speedProfiles":[],"lookaheadKeyframes":[],"uid":"G5WCH5mZrq"},{"controls":[{"uid":"h2L4zCW5YN","x":-23,"y":23,"lock":false,"visible":true,"heading":0,"__type":"end-point"},{"uid":"nnFaNbmsRc","x":-13,"y":13,"lock":false,"visible":true,"heading":0,"__type":"end-point"}],"speedProfiles":[],"lookaheadKeyframes":[],"uid":"7OPdZ97lEH"},{"controls":[{"uid":"nnFaNbmsRc","x":-13,"y":13,"lock":false,"visible":true,"heading":0,"__type":"end-point"},{"uid":"Ausjjdlpyb","x":-47,"y":47,"lock":false,"visible":true,"heading":0,"__type":"end-point"}],"speedProfiles":[],"lookaheadKeyframes":[],"uid":"ef0XAlzMS2"},{"controls":[{"uid":"Ausjjdlpyb","x":-47,"y":47,"lock":false,"visible":true,"heading":0,"__type":"end-point"},{"uid":"rXbj7fauXD","x":-68,"y":47,"lock":false,"visible":true,"heading":0,"__type":"end-point"}],"speedProfiles":[],"lookaheadKeyframes":[],"uid":"XUSU0IiBSb"},{"controls":[{"uid":"rXbj7fauXD","x":-68,"y":47,"lock":false,"visible":true,"heading":0,"__type":"end-point"},{"uid":"MFZ7BQXEz4","x":-49.63629586855129,"y":46.73714448546513,"lock":false,"visible":true,"__type":"control"},{"uid":"YuAMOLMUrF","x":-36,"y":61,"lock":false,"visible":true,"__type":"control"},{"uid":"PLKLDEiQqP","x":-23,"y":61,"lock":false,"visible":true,"heading":90,"__type":"end-point"}],"speedProfiles":[],"lookaheadKeyframes":[],"uid":"TCvNxM23CQ"},{"controls":[{"uid":"PLKLDEiQqP","x":-23,"y":61,"lock":false,"visible":true,"heading":90,"__type":"end-point"},{"uid":"jQYj5AbXk6","x":23,"y":61,"lock":false,"visible":true,"heading":0,"__type":"end-point"}],"speedProfiles":[],"lookaheadKeyframes":[],"uid":"helXd6P69C"},{"controls":[{"uid":"jQYj5AbXk6","x":23,"y":61,"lock":false,"visible":true,"heading":0,"__type":"end-point"},{"uid":"HNIFLt4eQG","x":37.537,"y":61,"lock":false,"visible":true,"__type":"control"},{"uid":"fIjwWNtuSC","x":40,"y":47,"lock":false,"visible":true,"__type":"control"},{"uid":"pNp8dQDoKU","x":51,"y":47,"lock":false,"visible":true,"heading":0,"__type":"end-point"}],"speedProfiles":[],"lookaheadKeyframes":[],"uid":"53fTw8nWrg"},{"controls":[{"uid":"pNp8dQDoKU","x":51,"y":47,"lock":false,"visible":true,"heading":0,"__type":"end-point"},{"uid":"8hRvPSBmpa","x":27,"y":47,"lock":false,"visible":true,"heading":0,"__type":"end-point"}],"speedProfiles":[],"lookaheadKeyframes":[],"uid":"6iFOt8ZWhn"},{"controls":[{"uid":"8hRvPSBmpa","x":27,"y":47,"lock":false,"visible":true,"heading":0,"__type":"end-point"},{"uid":"tYq7WDZnZP","x":68,"y":47,"lock":false,"visible":true,"heading":0,"__type":"end-point"}],"speedProfiles":[],"lookaheadKeyframes":[],"uid":"bceeqSWZBu"},{"controls":[{"uid":"tYq7WDZnZP","x":68,"y":47,"lock":false,"visible":true,"heading":0,"__type":"end-point"},{"uid":"xMTYJjdQrt","x":27,"y":47,"lock":false,"visible":true,"heading":0,"__type":"end-point"}],"speedProfiles":[],"lookaheadKeyframes":[],"uid":"RdfJLG3Nuc"},{"controls":[{"uid":"xMTYJjdQrt","x":27,"y":47,"lock":false,"visible":true,"heading":0,"__type":"end-point"},{"uid":"CapU4sLC85","x":45,"y":47,"lock":false,"visible":true,"__type":"control"},{"uid":"C8IbJeDeci","x":53,"y":40,"lock":false,"visible":true,"__type":"control"},{"uid":"d7ChgGxHrw","x":58,"y":35,"lock":false,"visible":true,"heading":135,"__type":"end-point"}],"speedProfiles":[],"lookaheadKeyframes":[],"uid":"Jqen7B210C"},{"controls":[{"uid":"d7ChgGxHrw","x":58,"y":35,"lock":false,"visible":true,"heading":135,"__type":"end-point"},{"uid":"gP92Svw1cj","x":63,"y":30,"lock":false,"visible":true,"__type":"control"},{"uid":"na2RQVsAGj","x":63,"y":25,"lock":false,"visible":true,"__type":"control"},{"uid":"TRBN8EJf4y","x":63,"y":17,"lock":false,"visible":true,"heading":180,"__type":"end-point"}],"speedProfiles":[],"lookaheadKeyframes":[],"uid":"ONdFoKxnhM"},{"controls":[{"uid":"TRBN8EJf4y","x":63,"y":17,"lock":false,"visible":true,"heading":180,"__type":"end-point"},{"uid":"Yte8yvHiKE","x":63,"y":-30,"lock":false,"visible":true,"heading":0,"__type":"end-point"}],"speedProfiles":[],"lookaheadKeyframes":[],"uid":"AgwGTzC72K"},{"controls":[{"uid":"Yte8yvHiKE","x":63,"y":-30,"lock":false,"visible":true,"heading":0,"__type":"end-point"},{"uid":"0DVEDzknQ9","x":63,"y":-17,"lock":false,"visible":true,"heading":0,"__type":"end-point"}],"speedProfiles":[],"lookaheadKeyframes":[],"uid":"pSGbW93Cxe"},{"controls":[{"uid":"0DVEDzknQ9","x":63,"y":-17,"lock":false,"visible":true,"heading":0,"__type":"end-point"},{"uid":"4L4txT4SYj","x":63,"y":-35,"lock":false,"visible":true,"__type":"control"},{"uid":"nsWGMQRARg","x":33,"y":-33,"lock":false,"visible":true,"__type":"control"},{"uid":"zPUYQqLy3Q","x":23,"y":-23,"lock":false,"visible":true,"heading":0,"__type":"end-point"}],"speedProfiles":[],"lookaheadKeyframes":[],"uid":"fEJs54ioDH"},{"controls":[{"uid":"zPUYQqLy3Q","x":23,"y":-23,"lock":false,"visible":true,"heading":0,"__type":"end-point"},{"uid":"fcBKpndbgu","x":13,"y":-13,"lock":false,"visible":true,"heading":0,"__type":"end-point"}],"speedProfiles":[],"lookaheadKeyframes":[],"uid":"JlFfdNV4Pj"},{"controls":[{"uid":"fcBKpndbgu","x":13,"y":-13,"lock":false,"visible":true,"heading":0,"__type":"end-point"},{"uid":"kT88TQAp7C","x":47,"y":-47,"lock":false,"visible":true,"heading":0,"__type":"end-point"}],"speedProfiles":[],"lookaheadKeyframes":[],"uid":"9c2ummq4lq"},{"controls":[{"uid":"kT88TQAp7C","x":47,"y":-47,"lock":false,"visible":true,"heading":0,"__type":"end-point"},{"uid":"Zdawzb3vVB","x":68,"y":-47,"lock":false,"visible":true,"heading":0,"__type":"end-point"}],"speedProfiles":[],"lookaheadKeyframes":[],"uid":"LDeD8gATMG"},{"controls":[{"uid":"Zdawzb3vVB","x":68,"y":-47,"lock":false,"visible":true,"heading":0,"__type":"end-point"},{"uid":"oyTma3yojL","x":49,"y":-47,"lock":false,"visible":true,"__type":"control"},{"uid":"crqi4igMyg","x":41,"y":-61,"lock":false,"visible":true,"__type":"control"},{"uid":"E3UZ2Ot9Dp","x":23,"y":-61,"lock":false,"visible":true,"heading":270,"__type":"end-point"}],"speedProfiles":[],"lookaheadKeyframes":[],"uid":"H5BlA3iU6A"},{"controls":[{"uid":"E3UZ2Ot9Dp","x":23,"y":-61,"lock":false,"visible":true,"heading":270,"__type":"end-point"},{"uid":"gDflUalHK9","x":-23,"y":-61,"lock":false,"visible":true,"heading":270,"__type":"end-point"}],"speedProfiles":[],"lookaheadKeyframes":[],"uid":"yYaPTgSahK"},{"controls":[{"uid":"gDflUalHK9","x":-23,"y":-61,"lock":false,"visible":true,"heading":270,"__type":"end-point"},{"uid":"72hcFBbxan","x":-35,"y":-61,"lock":false,"visible":true,"__type":"control"},{"uid":"AWt5gpqItN","x":-40,"y":-47,"lock":false,"visible":true,"__type":"control"},{"uid":"HsvhhrnCEu","x":-51,"y":-47,"lock":false,"visible":true,"heading":270,"__type":"end-point"}],"speedProfiles":[],"lookaheadKeyframes":[],"uid":"5tjVrKqedi"},{"controls":[{"uid":"HsvhhrnCEu","x":-51,"y":-47,"lock":false,"visible":true,"heading":270,"__type":"end-point"},{"uid":"YKcUC4d0Kt","x":-27,"y":-47,"lock":false,"visible":true,"heading":0,"__type":"end-point"}],"speedProfiles":[],"lookaheadKeyframes":[],"uid":"4BMyKYswtF"},{"controls":[{"uid":"YKcUC4d0Kt","x":-27,"y":-47,"lock":false,"visible":true,"heading":0,"__type":"end-point"},{"uid":"4Ld3gRIJlt","x":-68,"y":-47,"lock":false,"visible":true,"heading":0,"__type":"end-point"}],"speedProfiles":[],"lookaheadKeyframes":[],"uid":"MbA4tEEcUF"},{"controls":[{"uid":"4Ld3gRIJlt","x":-68,"y":-47,"lock":false,"visible":true,"heading":0,"__type":"end-point"},{"uid":"HyYTeRYJHG","x":-27,"y":-47,"lock":false,"visible":true,"heading":0,"__type":"end-point"}],"speedProfiles":[],"lookaheadKeyframes":[],"uid":"tuHf3UY6H8"},{"controls":[{"uid":"HyYTeRYJHG","x":-27,"y":-47,"lock":false,"visible":true,"heading":0,"__type":"end-point"},{"uid":"x2j43mjQO8","x":-45,"y":-47,"lock":false,"visible":true,"__type":"control"},{"uid":"leSZywyLnq","x":-53,"y":-40,"lock":false,"visible":true,"__type":"control"},{"uid":"62YVsVFDcZ","x":-58,"y":-35,"lock":false,"visible":true,"heading":315,"__type":"end-point"}],"speedProfiles":[],"lookaheadKeyframes":[],"uid":"q3mHU8OHSg"},{"controls":[{"uid":"62YVsVFDcZ","x":-58,"y":-35,"lock":false,"visible":true,"heading":315,"__type":"end-point"},{"uid":"lhSAjAjhGk","x":-63,"y":-30,"lock":false,"visible":true,"__type":"control"},{"uid":"JQMelphbIY","x":-63.09638996396637,"y":-23.545726010943547,"lock":false,"visible":true,"__type":"control"},{"uid":"A79wvcLuqs","x":-63,"y":-17,"lock":false,"visible":true,"heading":0,"__type":"end-point"}],"speedProfiles":[],"lookaheadKeyframes":[],"uid":"68n5S6MjFR"},{"controls":[{"uid":"A79wvcLuqs","x":-63,"y":-17,"lock":false,"visible":true,"heading":0,"__type":"end-point"},{"uid":"F4tNluAKln","x":-63,"y":1,"lock":false,"visible":true,"heading":0,"__type":"end-point"}],"speedProfiles":[],"lookaheadKeyframes":[],"uid":"TUYNzzBLCi"}],"pc":{"speedLimit":{"minLimit":{"value":0,"label":"0"},"maxLimit":{"value":600,"label":"600"},"step":1,"from":40,"to":120},"bentRateApplicableRange":{"minLimit":{"value":0,"label":"0"},"maxLimit":{"value":1,"label":"1"},"step":0.001,"from":0,"to":0.1}},"name":"Path","uid":"xVeYnvXwof","lock":false,"visible":true}]}